PSEUDOPILOT:ALL

AIRPORT_ALT:88.0

ILS31L:24.467890:54.382210:24.441980:54.402560
ILS31R:24.466030:54.389940:24.441960:54.406840
ILS13L:24.442030:54.406770:24.466070:54.389870
ILS13R:24.441900:54.402490:24.467920:54.382150
