PSEUDOPILOT:ALL

AIRPORT_ALT:13.0

ILS34L:25.254960:51.602470:25.231310:51.613930
ILS34R:25.246207:51.606897:25.219991:51.607932
ILS16L:25.219899:51.607837:25.246251:51.606959
ILS16R:25.231180:51.613860:25.254990:51.602540

