PSEUDOPILOT:ALL

AIRPORT_ALT:62.0

ILS30L:25.259920:55.389620:25.223720:55.404540
ILS30R:25.259910:55.366620:25.223660:55.381430
ILS12L:25.223690:55.381360:25.259950:55.366550
ILS12R:25.223760:55.404480:25.259960:55.389550
