PSEUDOPILOT:ALL

AIRPORT_ALT:111.0

ILS30:25.331700:55.516100:25.318400:55.541000
ILS12:25.318400:55.541000:25.331700:55.516100